%YAML:1.0
left_proj: !!opencv-matrix
   rows: 3
   cols: 4
   dt: d
   data: [ 1., 0., 0., 0., 0., 1., 0., 0., 0., 0., 1., 0. ]
right_proj: !!opencv-matrix
   rows: 3
   cols: 4
   dt: d
   data: [ 9.9911883244380228e-01, -3.4105420341936532e-02,
       -2.4461785695918198e-02, -9.2723552972800114e+00,
       3.4047326909924805e-02, 9.9941633419043985e-01,
       -2.7875587225475347e-03, -1.4063788576939079e-01,
       2.4542579049927023e-02, 1.9522440018507657e-03,
       9.9969687933739959e-01, -2.2769120892315867e-01 ]
hd_rvec: !!opencv-matrix
   rows: 3
   cols: 1
   dt: d
   data: [ 2.1742641387272000e-02, 7.0444195553539543e-03,
       2.3036177987011450e-02 ]
hd_tvec: !!opencv-matrix
   rows: 3
   cols: 1
   dt: d
   data: [ -4.1511776595819487e+00, 6.4234584523980853e+00,
       3.1357053689479173e+00 ]
