%YAML:1.0
left_cam_mat: !!opencv-matrix
   rows: 3
   cols: 3
   dt: d
   data: [ 2.6977512644548995e+02, 0., 1.5104590434618939e+02, 0.,
       2.7019758700896415e+02, 1.2423251698070138e+02, 0., 0., 1. ]
left_distort: !!opencv-matrix
   rows: 1
   cols: 5
   dt: d
   data: [ -1.1359999947250635e-01, 1.5359307706833275e-01,
       1.4188088606889465e-03, 7.4853369815917751e-04,
       -5.4706394103853778e-02 ]
right_cam_mat: !!opencv-matrix
   rows: 3
   cols: 3
   dt: d
   data: [ 2.7069841011903179e+02, 0., 1.5382900000715853e+02, 0.,
       2.7107299066201278e+02, 1.2143248619985003e+02, 0., 0., 1. ]
right_distort: !!opencv-matrix
   rows: 1
   cols: 5
   dt: d
   data: [ -1.2084326604097764e-01, 2.0731938860319798e-01,
       -4.4232695526693955e-04, 7.8149912059409120e-04,
       -1.2938328839559407e-01 ]
R: !!opencv-matrix
   rows: 3
   cols: 3
   dt: d
   data: [ 9.9911883244380228e-01, -3.4105420341936532e-02,
       -2.4461785695918198e-02, 3.4047326909924805e-02,
       9.9941633419043985e-01, -2.7875587225475347e-03,
       2.4542579049927023e-02, 1.9522440018507657e-03,
       9.9969687933739959e-01 ]
T: !!opencv-matrix
   rows: 3
   cols: 1
   dt: d
   data: [ -9.2723552972800114e+00, -1.4063788576939079e-01,
       -2.2769120892315867e-01 ]
E: !!opencv-matrix
   rows: 3
   cols: 3
   dt: d
   data: [ 4.3006605958128908e-03, 2.2728375388044653e-01,
       -1.4122995813575082e-01, 7.6938045480118289e-05,
       2.5867404400632090e-02, 9.2751143883559575e+00,
       -1.7518495180418700e-01, -9.2717398547290610e+00,
       2.2406981065074875e-02 ]
F: !!opencv-matrix
   rows: 3
   cols: 3
   dt: d
   data: [ 1.5709414719079099e-07, 8.2892200232105136e-06,
       -2.4452445487283146e-03, 2.8065025578582379e-09,
       9.4210125913379390e-07, 9.1156197829384111e-02,
       -1.7567435458373519e-03, -9.2925584421614082e-02, 1. ]
hd_cam_mat: !!opencv-matrix
   rows: 3
   cols: 3
   dt: d
   data: [ 7.9330909661600447e+02, 0., 3.9975912310390424e+02, 0.,
       7.9357079248867387e+02, 2.9965315141961713e+02, 0., 0., 1. ]
hd_distort: !!opencv-matrix
   rows: 1
   cols: 5
   dt: d
   data: [ 4.9292911855405117e-02, 3.3612818429543589e-01,
       -1.8466584093587721e-03, -4.5337854974946568e-03,
       -1.2892759867668575e+00 ]
